13001413111
13001843255
13002382433
13002388905
13003129915
13004160212
13005459643
13005823517
13006551031
13006974868
13007343729
13007862534
13008306071
13008320121
13009222215
13009914974
13009916709
13012233185
13012360984
13012376548
13013630926
13013792579
13014522255
13015252481
13016631548
13017008953
13017631503
13017815923
13018339512
13018392572
13018397672
13018457915
13018929873
13019568043
13020092352
13020121038
13020931253
13021196427
13021706376
13021732294
13021822958
13022106273
13022178551
13022538598
13022553681
13022911922
13023314670
13025192916
13025320170
13025895227
13026102402
13026109248
13026123229
13026123684
13026125810
13026311617
13026369385
13026403708
13027802731
13028025872
13028375395
13028966337
13029251748
13029358567
13031493191
13031704004
13032105013
13032341543
13033030090
13033196836
13033872711
13035552559
13035823365
13036281537
13036328654
13036377736
13036436602
13036585876
13036792219
13037623019
13037788820
13037878081
13038297605
13038305365
13038305739
13039546315
13040627804
13040668615
13040801748
13040813906
13044213294
13044819791
13045860374
13046855807
13047374921
13047929015
13048412210
13048441119
13048456349
13048458317
13048459471
13048469546
13048521676
13048668550
13049229124
13049235391
13049533776
13052027391
13052079025
13052310292
13052331957
13052654454
13053115529
13053752372
13053965060
13054255349
13054433174
13054492816
13054504798
13054736999
13054850712
13055283246
13055527259
13055658937
13056546390
13057048540
13057220758
13057319289
13058618017
13058773608
13058983059
13059292391
13059378291
13060227819
13060659679
13060924917
13062484136
13062589890
13064222996
13066282641
13066321883
13067956505
13068217830
13068521035
13068606070
13068703016
13070329551
13070710616
13071318674
13071322319
13071602473
13071985827
13072103049
13072263814
13072567310
13073679701
13073693363
13073735171
13073802065
13074776948
13075272863
13075350641
13075702073
13075840301
13075945290
13075975630
13076078248
13076295057
13076820140
13076821719
13076840509
13077284643
13077299145
13077732420
13078558412
13078788872
13081452079
13083419987
13083983931
13085184778
13085899694
13086160912
13086268625
13086675616
13087510394
13088197871
13091332357
13093005735
13093122245
13093248875
13093269865
13093313521
13093397210
13093835032
13093999113
13094134066
13094145392
13094298633
13095021738
13095682658
13097288248
13097319208
13097528094
13098211995
13098580835
13099156106
13099648130
13099698149
13101227191
13101227665
13101234040
13102707772
13102721703
13103897174
13105299383
13105891413
13106574489
13106678992
13107211210
13107871104
13108756521
13109753183
13110107307
13110697299
13110811141
13110938490
13111244791
13112256664
13112548832
13112882143
13112948519
13113013337
13113926547
13114192836
13114356175
13115012170
13115447765
13115816728
13116237660
13116996103
13117046701
13117384244
13117852555
13118276851
13119483582
13121215250
13122573998
13122757238
13123395696
13123684618
13124227561
13124454956
13125207420
13125275575
13125506056
13125811166
13126391030
13126411626
13127630987
13127744628
13128048850
13129305434
13129853058
13130523322
13132119654
13133250713
13133640863
13134012865
13134310555
13134551778
13134985351
13135077206
13135821102
13136596255
13136961700
13138410797
13138524471
13138565582
13138717468
13138829219
13139604690
13139688570
13140169329
13140277719
13140759531
13141901143
13141932001
13142203167
13142435456
13142599130
13142995423
13143062145
13143612396
13144254317
13144297872
13144827803
13144847320
13145383631
13145987292
13147031391
13147157263
13148785452
13149798789
13150054640
13150325507
13150536121
13151046102
13151776109
13156033192
13156108404
13156236813
13156920192
13160501890
13160606114
13160809274
13160859856
13162081405
13162202969
13162959307
13163241197
13163247322
13164112717
13164764450
13165623723
13166344031
13166450686
13166970000
13167075239
13167169926
13167249646
13167260195
13167698325
13167820361
13167901743
13168135904
13168142486
13168326717
13168770326
13169082690
13169164409
13169517287
13169929581
13170404346
13170516051
13171209064
13171395321
13171814720
13172201953
13173469968
13173705320
13174234564
13175382236
13175821226
13176378667
13176949132
13176982240
13177558253
13177818978
13179377606
13179891311
13180097108
13180277158
13181725449
13183157711
13184301738
13185627992
13187353883
13187539800
13189197513
13189313703
13189322959
13189517502
13189517549
13189562394
13190343178
13192349893
13192357574
13193789444
13193858119
13194045582
13195356072
13196841222
13197378664
13197768757
13198994462
13201677927
13202862008
13202917542
13202929686
13203153382
13203261156
13203599722
13205602507
13206228246
13207411906
13207431511
13207829080
13207895555
13208022981
13208744316
13208828585
13209410765
13209449124
13209509412
13209885639
13209987902
13210734367
13210751101
13211650056
13211845367
13211907148
13211910704
13212311972
13212315281
13212399376
13212426043
13212442035
13212572048
13215166371
13215608253
13215724923
13216203253
13216367877
13217065107
13218140578
13219249316
13219623234
13219639059
13219770010
13220261053
13220275271
13220301587
13220305093
13220305751
13220319102
13220568887
13221520191
13221855592
13223250577
13223712272
13224187644
13224600702
13224655865
13226090278
13226779305
13227833038
13228067701
13228630561
13228646053
13228689072
13229191106
13229287733
13229552880
13229722592
13230354031
13230925875
13231253992
13231302031
13231386651
13231469357
13231510318
13232165341
13232253518
13233287242
13233446883
13233462523
13235391234
13236973644
13237001157
13237242017
13237250582
13237345925
13239006669
13239161752
13239591747
13239978707
13242021275
13242230214
13242237787
13243537385
13243584191
13243585461
13243585483
13243779004
13243896345
13245853620
13246172198
13246800644
13247183961
13247222332
13247669552
13248349717
13249079441
13249196507
13249300572
13249384676
13249788660
13250082259
13250613870
13250835203
13250959873
13251012691
13251313829
13251380072
13251384903
13252276825
13252322336
13253037696
13253635389
13255677277
13255790828
13255877671
13256195395
13256356285
13257705175
13257986519
13258520906
13258680377
13260546910
13260646859
13262812073
13263713137
13263725278
13263964205
13264726750
13264728973
13264748257
13265203210
13265230667
13265645775
13265820258
13265974062
13266078065
13266437767
13266538585
13266712302
13266737441
13266765197
13268477586
13269235850
13271125975
13271199588
13271615738
13271819814
13271820558
13271833610
13271835183
13271836071
13271913743
13271914605
13271921590
13271980612
13271983763
13271986723
13271986974
13272018416
13272652427
13272657847
13272676750
13272691440
13272705392
13272744761
13272745372
13272748621
13273026835
13274421116
13274480777
13274917164
13274924852
13274935195
13274936592
13274936621
13274938512
13274939248
13275561513
13275957472
13276355093
13276629262
13276920039
13277035982
13277513867
13277688644
13277967206
13278733963
13279794277
13280877199
13281194838
13281670820
13281887700
13282365229
13282706793
13283330503
13283557394
13283632815
13284891523
13285229796
13285551070
13286353184
13286433036
13286462846
13287022840
13288005857
13288058511
13288076022
13288922831
13289000543
13289229217
13290123407
13290244430
13290655621
13290768720
13291166545
13291225582
13291691853
13291706396
13291990513
13292300097
13292339110
13293680006
13293944468
13294232703
13295407768
13295750728
13295767235
13296464646
13296575425
13297169807
13297665637
13297917579
13297994953
13298020067
13299230329
13299404044
13299815650
13301521072
13301977471
13302494510
13302641339
13302903334
13304616644
13304802044
13304845286
13310418797
13311409819
13313394886
13314450004
13316460455
13316702664
13317036948
13317671954
13320023358
13320042127
13320396916
13321665498
13321730727
13322635224
13322941351
13323322597
13323372883
13323539485
13323864425
13324215032
13325227501
13326360930
13326528503
13326920047
13327095982
13327096686
13327240634
13327271827
13327382024
13327436452
13329042035
13329101087
13329332881
13329450266
13329982609
13330466646
13330601928
13331122166
13331415369
13331476797
13331934774
13332412611
13332747539
13333301794
13333330456
13333433332
13333707329
13333746255
13333884575
13335381268
13336210863
13336249267
13336302098
13336480747
13336600947
13336778902
13337335546
13337375115
13339499364
13340048505
13340262395
13341296331
13342182222
13342549240
13342906307
13343310091
13343785713
13345058887
13345105685
13345488684
13347258603
13347718124
13349500428
13349510884
13351854342
13351874041
13352326694
13352335155
13352676367
13353067708
13354493370
13355607729
13356548353
13356931746
13357144026
13357209199
13360203274
13360398914
13360906242
13361681323
13362140052
13362268382
13362651318
13362718438
13363612709
13363831631
13364583735
13365364464
13367101220
13367434676
13367958727
13368087414
13368781121
13369136451
13369528132
13369651497
13370328139
13370502637
13370573411
13370690505
13371127942
13372901592
13373589337
13375480192
13376207658
13378014309
13378737431
13379646541
13379707026
13380827222
13383644529
13384528644
13385959053
13386637347
13386896817
13387248853
13387356471
13387759223
13387992370
13388553233
13388765404
13389317271
13389523770
13389938563
13391045317
13391448931
13392560378
13393098452
13393452661
13393707602
13395643156
13396445640
13398355662
13398776434
13399112414
13400072822
13402086380
13402088921
13403473474
13403665850
13405291707
13405400531
13405930165
13406083142
13407474874
13407556705
13407861691
13407978026
13408343131
13408534528
13408572171
13408764060
13409832531
13409949094
13410116461
13410584018
13410692351
13411071329
13411383278
13412510506
13414380369
13414447182
13415843881
13416184340
13416386397
13416422086
13416572151
13417730634
13418710735
13419068975
13419283817
13420339162
13421278783
13422144593
13422470674
13423152384
13423159521
13423201894
13423333825
13424082490
13424088061
13425856550
13425907464
13428067041
13428629664
13428990829
13429415029
13429451054
13429760713
13430474041
13430747514
13431099101
13431287340
13431582024
13432773085
13433069075
13433122592
13433161381
13433370935
13433657842
13433759753
13433848568
13434349816
13434802721
13437938742
13438633565
13439822504
13450619740
13451529611
13451543244
13453441338
13456330855
13456726323
13457190294
13457407592
13457861374
13460662473
13461573426
13462016301
13462839106
13463954747
13464799088
13465533331
13465639191
13466177026
13468672117
13468855257
13470601136
13471163559
13471667826
13471793520
13472738104
13472995490
13473467749
13475071894
13476006689
13476341004
13476672867
13478356907
13478694544
13479600772
13481512212
13481788328
13482294057
13482623849
13482670964
13482774114
13482797744
13482862424
13485044989
13485316218
13485338942
13485353459
13486128837
13488443110
13489581647
13501450359
13505051163
13506326202
13507950475
13508634317
13509725761
13511600753
13512552227
13514824409
13515492257
13516800434
13517222649
13518022853
13518833673
13519008959
13519011052
13519111720
13519896650
13520474604
13521024583
13521467802
13522756570
13523132732
13523136893
13523287771
13524666086
13525245231
13525431224
13525958075
13527404740
13527944408
13527991520
13528266004
13528542469
13528585657
13528871056
13529407483
13530202129
13532564392
13532726914
13533997665
13534483116
13534778914
13536196083
13537434061
13538146505
13538209517
13539041865
13539203860
13539345043
13539732579
13539878748
13540457638
13540910382
13541943771
13542400270
13544207786
13544613561
13544907767
13545573865
13545693661
13546315686
13546403973
13546493052
13546914592
13547473921
13548544433
13548908356
13549431117
13550284395
13550348453
13554270730
13554329322
13554768696
13555314443
13555457442
13555530513
13556335651
13556694537
13556932994
13557884503
13557966647
13558979732
13559962693
13560256583
13561577942
13563245240
13565352151
13566540447
13568040351
13568447341
13569096750
13569848789
13570909576
13572506559
13573508737
13573643279
13573666618
13574770751
13574812019
13577109055
13577173142
13579265321
13579445268
13580098679
13580852550
13581247373
13583541308
13585332413
13586060579
13586190403
13587457671
13590826372
13591396372
13592148992
13592273377
13593198830
13593707522
13595053608
13595057632
13595064036
13595064338
13595130834
13595178560
13595184034
13595184887
13595199513
13595467764
13596335266
13597279838
13597697221
13597819886
13599599305
13599902040
13600039306
13600176143
13600587755
13602048019
13602309407
13604460377
13605282382
13605678187
13606207656
13606371395
13606972720
13608510049
13608575639
13609043971
13609125891
13609207423
13610995900
13611517771
13612244190
13612387387
13613579683
13614290094
13614830787
13615129235
13615936939
13616050430
13616191615
13617233783
13617768701
13617847447
13618605406
13618656745
13618918590
13620035446
13624630000
13624902431
13626520259
13626805037
13627473410
13627585075
13628558082
13628562764
13629760181
13629793262
13629949821
13631449365
13631492413
13631523420
13631816357
13631839152
13634017453
13635765464
13636207657
13636760332
13636919431
13637125685
13637505013
13637507253
13637576014
13637940213
13638030986
13639285700
13639805685
13641653326
13642850377
13643696415
13644047742
13644279589
13646395870
13647390877
13649074314
13650099571
13650618702
13650869044
13651722518
13653093634
13653386500
13654105673
13654290905
13654557895
13657217049
13659329405
13659374316
13659451643
13659710272
13661301510
13662405538
13662971879
13664237866
13664913034
13666074905
13667026583
13667205953
13667665854
13667882897
13669096995
13669118746
13669601788
13670066518
13670436534
13670474320
13670597903
13672605597
13673741552
13673808644
13674071280
13674774743
13676230573
13676543732
13677747433
13677907165
13678533292
13678539741
13679643943
13680214912
13680789322
13681671809
13682727770
13683218648
13683690684
13684266103
13684447421
13686032884
13686222890
13686611189
13687590190
13688709643
13689373656
13689442610
13690223234
13690729766
13690743707
13692214558
13692373404
13695979978
13698061366
13698582477
13699333137
13700188070
13700960640
13706113092
13706819927
13707819299
13707936030
13708735024
13709797734
13713658334
13713971474
13714348234
13714703575
13714726194
13714859507
13715853014
13717002603
13717304430
13717391251
13718314046
13718768744
13718883754
13720085564
13722569092
13723815937
13723830055
13725014140
13725483094
13726419167
13727229957
13728222127
13729281790
13729501821
13729635661
13730028245
13732662641
13734295493
13735906687
13736260934
13736308110
13737268626
13737377963
13737460288
13737600379
13738818970
13739167104
13750153626
13750344970
13750842354
13751146875
13751569228
13751575762
13752324600
13753307557
13753524156
13755173253
13756524194
13758560216
13759828195
13759920151
13761858774
13763200540
13764331585
13764697297
13765010381
13765088207
13765090202
13765580092
13765808261
13765876679
13767970109
13768572150
13769175575
13771644033
13777217565
13777903240
13778681401
13778956775
13779839254
13781172867
13781779410
13783846873
13787060542
13787973431
13788768816
13790900937
13791908881
13793217761
13793518040
13795514740
13795670022
13797874172
13799671126
13803457207
13804109134
13804204756
13804343838
13806716281
13807221732
13807295633
13807747770
13807815350
13809288763
13810919110
13815277705
13819766032
13819900514
13825034806
13825866617
13826518171
13826638537
13826729337
13827727757
13828317628
13828617482
13828999118
13830124992
13830323711
13832559333
13833583903
13835053130
13835286248
13835758357
13836087274
13838026703
13838134014
13839217644
13841065958
13841211954
13843771117
13843803779
13845425033
13847594805
13849909998
13850357839
13851728768
13852570433
13852577762
13853537166
13853646462
13854008599
13854921808
13855042463
13855104870
13856722629
13858727783
13858922525
13859730353
13860913139
13861955087
13862183221
13862820593
13864215412
13865045107
13865549573
13865809576
13868895285
13869911615
13870084165
13870186743
13870601174
13870963380
13872513740
13872564115
13872810580
13874656451
13875532833
13877882736
13880600916
13881430581
13882270227
13882956503
13884235670
13885161878
13885295457
13885410713
13885602645
13886866864
13887212138
13887266728
13888485285
13889388542
13890419324
13890578880
13891024745
13892122432
13892177917
13892523439
13893462971
13893565370
13895110606
13897047040
13897221494
13897922955
13898168620
13905391684
13907636780
13908211442
13909443432
13913892375
13915438824
13917327806
13918715642
13918999993
13922041473
13922244197
13924777841
13924888540
13927308032
13927310741
13929758668
13930427718
13931343418
13932312516
13933230907
13933638013
13933649338
13934426059
13934581209
13934819559
13935655344
13937822251
13937947678
13938322638
13939358997
13939742246
13939853803
13941546321
13942040190
13942116033
13943154760
13945194879
13945429718
13950775993
13952114357
13952425961
13953655138
13953903434
13957987166
13958964940
13959209480
13959474134
13959870253
13960026037
13962239447
13963168444
13963821997
13964626635
13965787168
13965878851
13966830926
13967596056
13969543535
13969954116
13972345441
13974073619
13975578542
13976303473
13977108373
13977874939
13978934774
13980708755
13981351299
13982315849
13982725667
13982859504
13984461853
13985154023
13985181733
13985218477
13985239112
13988613622
13988652575
13989702055
13990393234
13990712428
13990850990
13991674609
13992938469
13993053219
13994827941
13994902074
13995353787
13997242717
13997371250
13997402714
14516483764
14516519425
14660022567
14666851446
14703111756
14706907394
14708715452
14717612641
14726788221
14736522050
14740278668
14741229899
14743395238
14747857556
14748002051
14759471316
14775122581
14775615706
14776443484
14777267932
14780085888
14785069160
14787265726
14787371084
14790204360
14791995613
14793756667
14795554701
14796694447
14799311209
15001511312
15001667339
15003351194
15003768306
15003999154
15005974507
15007060860
15007065402
15007912122
15008114140
15009175009
15009619971
15009689541
15009777950
15011046327
15011155949
15012151161
15012453035
15012962381
15013293051
15013468436
15014276556
15014460589
15015259545
15015287313
15015556658
15016154007
15016615195
15016844731
15017680436
15018070177
15018762369
15019634568
15020066714
15022367981
15022714598
15023079031
15023410352
15023432227
15023637040
15024992766
15025021954
15025455551
15025846218
15026119217
15026269118
15027457311
15027987449
15028600046
15028700188
15029106592
15029200313
15029885281
15031221702
15032334473
15032733790
15033585031
15034162562
15034565456
15034737101
15035725634
15035835123
15035925049
15037558877
15038117693
15039293828
15039866991
15040598217
15042163677
15042240234
15042414705
15042439666
15044101324
15045257051
15047015883
15047524287
15047691143
15047983575
15048400568
15048666682
15049214473
15050076808
15050424726
15050653031
15051772949
15052450425
15054928306
15055083905
15056052811
15057230004
15057809404
15058416526
15058464049
15058511056
15060560558
15060629070
15061663068
15061896445
15062160410
15062241454
15062292983
15063138000
15064656350
15064839883
15064880832
15065022262
15065392693
15067376631
15068095732
15068355126
15068364672
15069398215
15069655424
15069757388
15070158974
15070727673
15075244476
15075867305
15076781225
15077021700
15077098452
15077247956
15077523519
15077658159
15078065866
15078182944
15078262946
15078764640
15078789456
15078861516
15079355595
15079724871
15081634254
15082114408
15082975565
15083035172
15083126788
15085169383
15085284017
15085667332
15086165340
15086504097
15087005795
15087084572
15087190347
15087250373
15087394651
15087589722
15087685852
15087890945
15088197427
15088448345
15088841611
15089410685
15089852537
15090226664
15092897694
15093058203
15093446831
15094167254
15094734311
15094930779
15095445611
15095751344
15096185258
15096515090
15096719556
15096739936
15097717473
15097885210
15099746162
15099830342
15100355599
15100578345
15100606073
15101204057
15101416478
15101852760
15102485571
15102959075
15102991340
15103940288
15104399966
15104658669
15104798712
15105760502
15106015503
15106357715
15107990424
15108057639
15108169007
15108554264
15108652335
15108697602
15108805019
15109868337
15110549558
15112022865
15112623235
15113245019
15113390250
15113897359
15114688971
15115160078
15115527682
15116322644
15116475891
15116650828
15117133258
15117238090
15117358346
15117743001
15117883079
15118994154
15119150227
15119436278
15120791829
15121519534
15121881399
15121996909
15122799897
15123205597
15123697166
15123962136
15124169411
15124864528
15124895294
15125005837
15125350334
15125523483
15126177739
15126358326
15126360254
15126529359
15126589573
15126610283
15126782743
15126821035
15129019259
15129660098
15130448056
15130650565
15131158200
15132234685
15133410160
15133551736
15134055044
15135255694
15135689202
15136169310
15136244401
15137465921
15137800041
15137817314
15138481074
15139457962
15139681508
15140883717
15142646464
15142663807
15145114491
15145822289
15146353237
15146466979
15146525504
15147266193
15147302669
15147808237
15150609423
15151468919
15151617211
15151760095
15152609436
15152878019
15153075330
15153281289
15153407690
15154707676
15155033258
15157309099
15157929048
15158955468
15161463452
15162089175
15162529956
15163160114
15164576531
15166328533
15167226740
15167421950
15168081458
15169458638
15169582199
15169666007
15170177718
15170624148
15170784715
15171838873
15172485441
15172566456
15172967010
15174233703
15174881731
15176020775
15176790914
15176973756
15177409516
15177582798
15178207599
15179124944
15179652854
15179953493
15180137768
15181165302
15181423909
15181604977
15181869706
15182444925
15183144548
15184408174
15184515114
15184838505
15184996463
15185121920
15185142590
15185187639
15185697802
15185783059
15185919034
15187052211
15187053093
15187078759
15187084776
15187490794
15187848043
15187900450
15188094420
15190051380
15190124243
15190552737
15191388568
15191801040
15191950987
15192192801
15192796316
15193140417
15193221825
15193226200
15193680704
15193718333
15195081377
15196174777
15197276707
15198620239
15200466579
15201767472
15201769224
15202355588
15202427107
15202600786
15203472002
15204877400
15206020091
15207415495
15207416218
15207639719
15207880468
15208471453
15208698134
15209046817
15209229340
15209825271
15209885076
15210008826
15210068474
15210627846
15211127211
15211180209
15213742784
15214597212
15215145430
15215699312
15217289663
15217389775
15218513294
15218660910
15218792990
15218964220
15219165626
15219409059
15219752097
15219985099
15220227425
15220670526
15220725251
15220862252
15221697170
15222509600
15223057847
15224305657
15224733798
15225230117
15225566502
15225900591
15226838922
15226874406
15227717357
15228238887
15228837546
15229099087
15229393053
15230063004
15231156835
15233012831
15233319988
15233354167
15233526025
15233814999
15234702191
15235039930
15235073041
15235827130
15236132267
15238118175
15239029524
15239196376
15239722302
15239982616
15240246127
15240645953
15240943346
15240974949
15241614226
15241763518
15241991409
15243080662
15243378941
15244493433
15245901834
15246041941
15246221613
15246466310
15246756468
15246920666
15247980733
15248249822
15248639998
15250173894
15250387961
15251475989
15251783415
15252316153
15253376074
15253941172
15253976298
15253995551
15255173418
15255686212
15256035622
15256885843
15258135331
15259117027
15259430870
15260068773
15260251041
15260447100
15260924854
15261606151
15262631128
15263031141
15263035867
15263892123
15266073933
15268682513
15268968050
15270065976
15270958494
15271386583
15271493629
15272398131
15272970058
15272991186
15273170382
15273801186
15275852857
15275992931
15276242611
15277156226
15277283490
15277909904
15277931684
15278841298
15279624277
15279909460
15280377108
15280990583
15281104976
15283575021
15283641337
15283666760
15284448533
15285146509
15285188912
15285189475
15285294843
15285297391
15285542708
15285664378
15285787006
15286127657
15287401461
15287416851
15287517181
15287596341
15287619894
15288010739
15288062247
15288081834
15288192940
15288500319
15288688854
15288779944
15289319283
15291325486
15291339593
15291616172
15293468829
15293568014
15294523289
15295062494
15295712564
15296657544
15297045086
15302393670
15302671889
15303231649
15303896813
15304321689
15304669479
15305397107
15305971001
15307058856
15307147770
15308053275
15309588807
15309899719
15310015136
15310412573
15310816566
15311603216
15312308169
15314299150
15314618534
15314735496
15318102212
15318555242
15318795314
15319061627
15319276110
15319668350
15321505710
15322633352
15323921574
15325215396
15325468696
15326703429
15328344212
15329279361
15329939458
15330593010
15331551487
15331620387
15331966939
15333127125
15333220100
15333971255
15334578396
15334654611
15334712384
15334799123
15334829780
15335051365
15335455342
15335796229
15336199961
15336238669
15336408715
15337247958
15338036040
15339037032
15339411156
15340698467
15342607334
15342821094
15343293982
15344412542
15344479694
15346460519
15346822405
15348360635
15348390419
15348447341
15348772545
15349073757
15350031476
15350385785
15350409542
15352148866
15353190123
15353232362
15353679440
15353760812
15355084464
15355674160
15356925622
15360088799
15360101959
15360918149
15361544961
15361666989
15362142231
15362238217
15362543753
15363033424
15364314252
15364784373
15367386941
15367483448
15367654801
15368319992
15369136222
15369669595
15371276661
15372321156
15372533216
15372558640
15372829255
15373609345
15374563635
15375831301
15375930660
15377679045
15377721972
15378672897
15379085669
15379592854
15379618009
15379990772
15380657672
15382249155
15382299057
15382875740
15383390902
15383432549
15383780016
15383808133
15384496481
15385390873
15385531271
15386200846
15386972766
15387407162
15387977252
15388747514
15388872736
15390022916
15391420084
15391888109
15391918180
15393070058
15393120982
15393414305
15393603520
15393791851
15393945740
15394946151
15395863749
15396571990
15397366151
15398213337
15500554324
15501379880
15501416817
15501580581
15502012432
15502113067
15502362732
15503011553
15503340820
15503435579
15503955675
15504066982
15504226008
15504231760
15504878480
15505907637
15506125617
15507773903
15507860602
15507915154
15507960314
15508684030
15509003718
15509594095
15509736080
15509977416
15511652700
15512960207
15514215016
15515107105
15515168122
15515435915
15517799194
15518861387
15519542683
15519572504
15519783784
15523105351
15523109572
15523277970
15523301501
15523403837
15523565570
15523581462
15523584537
15523585740
15523759630
15523827662
15523890783
15523922860
15523934643
15523951760
15523983025
15524268739
15524284780
15525222557
15527442942
15527495355
15527534669
15527559083
15529386936
15529535268
15529581937
15532902793
15533512596
15533557984
15535539312
15536407093
15536782837
15538097853
15538448744
15539010122
15539112165
15539463382
15539793987
15541962173
15542361739
15542553118
15542921056
15543508802
15543848899
15546090544
15547849996
15548521918
15548967892
15549053701
15549430885
15549714127
15550130704
15550235830
15550273183
15550345609
15550709687
15551430153
15552648828
15552963961
15553420928
15554547252
15555117812
15555173022
15555188091
15555433661
15555559138
15555561527
15555568068
15555690792
15556838210
15556890930
15557523995
15558111636
15558275556
15558865810
15558898307
15559874078
15559938896
15559956381
15560367303
15560520258
15561152150
15561457077
15562778458
15563807650
15565722729
15565928930
15566315312
15566402486
15567005779
15567816776
15568237125
15568531712
15568738027
15568757663
15570683396
15571309113
15571558250
15572312198
15574023419
15574337452
15574640015
15574685209
15574685474
15574727331
15574926632
15575080095
15575721281
15576530001
15577101227
15577121872
15577135646
15577801474
15578322952
15578511351
15578829074
15578866672
15579357760
15579582126
15580106364
15580318448
15580333154
15580880579
15581448336
15583961669
15584205578
15585002146
15585028225
15585247602
15585328382
15586786544
15587021205
15587625253
15588626211
15589652220
15589815243
15589854858
15591038684
15591119588
15591587771
15593596878
15593907075
15595033619
15595059331
15595723753
15596271715
15596746929
15596771142
15598569516
15598880555
15599432129
15599791117
15599815999
15599860251
15599996063
15600211598
15601510681
15601846597
15602431026
15603405417
15603463695
15605579669
15605860498
15605863468
15605868412
15605939535
15606913638
15606935049
15607156133
15607156163
15607229495
15607237368
15607575661
15607778940
15608157214
15608368532
15610853332
15611775161
15612138207
15612715064
15612808909
15614799954
15616203231
15616262741
15616977628
15617037073
15617210216
15617566616
15618431607
15618509506
15618548950
15618665251
15618721613
15619356529
15620388149
15621258895
15621639068
15622004223
15622959782
15623454889
15623654159
15625937948
15626586174
15627281070
15627528309
15627551361
15627828270
15628468338
15629048539
15629111061
15629377856
15629398697
15630399520
15630550827
15630668568
15630851238
15631210961
15631967908
15634473075
15635579227
15636389998
15636856676
15637002687
15637151523
15637502517
15638677815
15638874666
15639861281
15640888646
15641752220
15643108019
15643976750
15647796787
15647947768
15649007779
15651921381
15651975436
15653434050
15656021060
15657313820
15657867712
15657958635
15658077201
15658911707
15660329123
15664533837
15664859103
15665034266
15665643975
15666064097
15666192500
15667305976
15668354999
15668637626
15669365860
15669576665
15669622251
15669869202
15670088667
15670195355
15670468972
15670690356
15670839209
15673656783
15673932913
15674164492
15674484217
15676256030
15676965167
15678265201
15678475847
15679243351
15679393785
15679430564
15679951823
15679997677
15680993519
15681206613
15681336675
15681707671
15682008854
15682386889
15682915005
15682915937
15683017435
15683065207
15683067275
15683165727
15683181653
15683224383
15683269484
15683454055
15683641796
15683678324
15683723503
15683821583
15683884021
15683894165
15683898406
15683958480
15683969217
15683979175
15683982261
15684393338
15684630996
15684853929
15684854441
15685330600
15685735905
15685874478
15686201697
15686608280
15687443332
15687444153
15687468371
15687838226
15690792651
15691125552
15693017740
15693045515
15693274225
15693698758
15693992885
15694073790
15694946171
15696117483
15696168759
15696172817
15696177352
15696348314
15696683021
15696903330
15696985837
15698126444
15698527442
15698710143
15698710611
15698712969
15698765468
15698771769
15699509739
15700088640
15700358905
15702096760
15702842552
15707770120
15708137896
15708438575
15708708097
15708949265
15709602577
15710691820
15712167205
15712167724
15713155727
15718115479
15720032425
15720911129
15720968036
15721888371
15721958806
15723413606
15724579699
15725101207
15725923527
15727315200
15727626077
15727680158
15727776119
15727961396
15728484696
15728807282
15730273356
15730301875
15730459231
15731860388
15732108777
15732992630
15733004828
15734580263
15734986677
15735073445
15735090651
15736186033
15736761696
15737097811
15737508291
15737812750
15738168259
15738626952
15738768587
15738795853
15739886615
15750004628
15750133462
15750188556
15750327874
15750502711
15751264915
15751847780
15751992392
15752484378
15755099048
15755551585
15756497656
15756661567
15758417338
15758595854
15758843008
15759523251
15761236969
15761237070
15761362519
15762368091
15766546022
15766573060
15767331503
15767627723
15768728560
15769805945
15772349442
15772814668
15773537045
15773993680
15774848736
15775363873
15775427245
15777113966
15777133512
15777330687
15777754566
15777754941
15777954468
15778442868
15778482399
15778708183
15778785855
15778856695
15790414417
15791649112
15792849612
15792994492
15793445822
15793572667
15795846110
15796177910
15796413338
15796522017
15797671309
15799484424
15799608085
15800143881
15800927329
15801103984
15801534995
15802169464
15803026124
15803097723
15803939522
15804089826
15806062327
15806095112
15806963922
15807874570
15807995133
15808148176
15808330355
15808641165
15809259533
15809605336
15812926176
15813146154
15813346804
15813439992
15813575651
15814829269
15815031135
15815149323
15816027977
15817618762
15817734014
15818069120
15818412847
15818846984
15819983897
15820026692
15820654066
15821301354
15822880899
15823331224
15823358843
15823411509
15823443762
15823697023
15824672156
15825021570
15825031606
15825703470
15825714355
15825960614
15825968788
15826268534
15826303922
15826877181
15827406095
15827441676
15828439772
15828762440
15828872142
15829830020
15830094911
15830100227
15830375797
15831381004
15832084859
15832327011
15832717498
15833891279
15834331194
15834410655
15836310777
15836500316
15836623227
15836642527
15838080402
15838135503
15839387667
15840210443
15840864092
15842531992
15842544152
15843112559
15843675369
15843765871
15844821666
15845549525
15845947763
15849914564
15850437532
15851475926
15851575432
15851595541
15851608515
15851809774
15851920565
15853263387
15853401786
15853555828
15853583801
15855042883
15857710537
15858217335
15858307101
15858584518
15858885068
15859489623
15860413526
15860605988
15861137178
15861198170
15861647250
15862805131
15863031775
15864292225
15864890286
15865039017
15865428017
15866310691
15866630003
15866655214
15867271755
15867334656
15867607771
15867788801
15867884313
15868307461
15869893989
15871007600
15871751398
15871911251
15872570078
15872667875
15873899856
15874002617
15874764248
15875982648
15876117314
15876180715
15876425675
15878592526
15878639579
15879505462
15879545305
15879654809
15881626307
15881781608
15881976101
15882604271
15883395251
15883915355
15884497766
15885526259
15886529891
15887111092
15887281027
15887394748
15887401973
15888666644
15888947931
15889139463
15889721727
15891337726
15891751681
15891891237
15892150140
15892524620
15892749082
15893082062
15896174037
15896322838
15896505990
15896589075
15898328760
15898882310
15899775558
15899778286
15900137099
15900871691
15902017534
15902647614
15903591426
15903699575
15904495359
15905512473
15905572722
15906135661
15906931305
15908335424
15908779518
15909954373
15909978092
15910175613
15910908939
15911995107
15912143631
15912690608
15912746193
15913114303
15913396402
15913848615
15914408120
15914957401
15915362008
15915563306
15915633602
15915733491
15915963180
15916336029
15916776462
15916797936
15916942580
15917099941
15917392062
15918329870
15918404390
15918553071
15918836797
15919005912
15919589741
15919651283
15919835672
15920610651
15920927353
15923780770
15924223091
15924631595
15924861143
15926260537
15926899793
15926905511
15927038718
15927359054
15928846011
15929399360
15929663794
15930131770
15930346286
15931932162
15932013051
15932892438
15933161267
15933525812
15934462280
15934515818
15934580517
15934657403
15934840448
15935306399
15935449903
15936070972
15936285092
15937111985
15938422604
15939792960
15940601825
15940632581
15940950780
15941770915
15944034544
15944084235
15945055554
15946035618
15949138333
15951032230
15951817970
15952116624
15953832733
15955889243
15955999393
15957162984
15959872690
15960015296
15960430180
15960490087
15961508821
15962503074
15963222233
15963228076
15963695935
15964446099
15966275036
15967617411
15967648648
15969098552
15970754361
15970781494
15970954893
15971188853
15971320957
15971573214
15972894433
15973944803
15974341714
15974603230
15976184345
15976580244
15976675052
15976734654
15977899570
15978146875
15979402951
15979717901
15979939875
15980064274
15980553048
15981094105
15981360709
15981870931
15982978853
15983443935
15983572724
15984417717
15985099270
15985183197
15985260027
15985532381
15986579557
15986611350
15986730487
15986940079
15987011383
15987415949
15988278437
15988629305
15989363932
15989438457
15989836957
15991146929
15991656723
15992166349
15992465402
15992586368
15993831610
15994197637
15994375896
15995552639
15995577431
15996107768
15996493713
15997256072
15998310235
15998401141
15999520982
15999844026
16212420475
16212424944
16215296605
16215796037
16217736716
16217736729
16217736810
16217736812
16217737013
16217737067
16217740280
16217740556
16217742976
16218153593
16218153854
16218154287
16218155448
16220288287
16220377822
16220782456
16220782543
16220782727
16220789592
16221085805
16222043281
16222357356
16223037846
16227477167
16235778217
16236423456
16236610093
16236962412
16238122375
16238943609
16238945250
16238945461
16238945906
16250681234
16252966153
16252966388
16252966502
16252966862
16252966967
16254873548
16255060694
16259474963
16259540993
16261390457
16261487041
16262147818
16262148099
16264855629
16264856884
16264857267
16264988759
16267476616
16268272261
16268272343
16268273155
16280680535
16504423688
16511286824
16511396856
16511573619
16511877340
16512012047
16512013964
16512014423
16512016435
16512016549
16512016743
16512018049
16512018714
16512019104
16512019228
16512019290
16512019344
16512363486
16513158443
16513475984
16514184305
16514187614
16517408286
16521005438
16521111048
16521113121
16521119767
16521215922
16521216800
16521218034
16521221077
16521304479
16521424437
16521470319
16521777893
16521778263
16521847620
16521848036
16521911285
16522020098
16522066247
16522069725
16524291344
16524341459
16525690536
16525692025
16525692868
16533421950
16537051749
16537096330
16537099279
16537340023
16537380290
16537426785
16537739920
16538030110
16538247943
16538372779
16538372957
16538376030
16538377336
16538377551
16538379023
16538379636
16538642709
16540581486
16543890147
16543890182
16544686681
16544686685
16544686691
16544686694
16544686861
16544696732
16545080075
16545081594
16550957672
16554116333
16555977399
16556721617
16557204020
16557883379
16561788475
16561862746
16561864044
16561864462
16561867420
16561941461
16562014961
16570903597
16570904736
16570921604
16571045233
16571048040
16571049060
16571049133
16571152873
16571304430
16571323138
16571328280
16571348000
16571654030
16571694936
16571695049
16572274063
16573258245
16582942178
16582961834
16582965557
16582966565
16582970705
16582970760
16582973371
16582973435
16582973482
16582978723
16582979159
16582989782
16582994102
16582996993
16582999832
16583012501
16583015552
16583018229
16583020842
16583021218
16583051112
16583070004
16583071742
16583073986
16583111098
16583111276
16583111339
16583132727
16583139123
16583151346
16583151767
16583152985
16583154400
16583154448
16583155714
16583179797
16583181122
16583207771
16583209933
16583209977
16583219797
16583224759
16583227708
16583269090
16584381116
16584501113
16584503399
16584551138
16584551298
16584551349
16584553691
16584553795
16584554383
16584554569
16584554695
16584557711
16585140971
16586812972
16586813052
16586813054
16586813072
16586813235
16586813246
16586813249
16586813752
16586813836
16586814288
16586815086
16588332256
16588332335
16588332510
16588332963
16590450143
16590451103
16590451134
16590453727
16594295874
16600279553
16600673677
16602314483
16602332903
16602389172
16602393702
16603003042
16603551287
16605826669
16605856202
16606340299
16606452869
16607213665
16607232170
16607234424
16607928919
16608512312
16608560532
16613867840
16616770712
16619790582
16620626470
16620655027
16621171229
16621312178
16621569153
16623118182
16623309632
16623354038
16623921302
16623923837
16625279158
16627691272
16627812240
16627879749
16629638150
16630340304
16630421070
16630518576
16630579158
16630590529
16632816147
16637822257
16637985692
16639129076
16639160200
16639172520
16639255668
16639306123
16645570738
16650555205
16650781505
16655145859
16657069966
16657829991
16659317891
16666251007
16668336473
16670116967
16670168608
16671021989
16671385963
16673040404
16673912665
16673963644
16675128257
16676721112
16676923311
16676993080
16681981993
16682223880
16682290138
16682697721
16684808680
16685103642
16685118024
16685325223
16685871659
16685955981
16687950758
16689981694
16693524360
16696307644
16696796387
16697065475
16697831990
16698200144
16698228790
16698789561
16717250956
16718633337
16722511888
16723131050
16729095390
16731792142
16731792144
16734220954
16734478777
16736356646
16741160000
16741942222
16742936666
16743309407
16746008616
16746633008
16746634724
16746755015
16749772094
16751370618
16753961667
16754006555
16754277463
16755513851
16756199018
16760082220
16760856162
16760856406
16760856946
16760858067
16773952203
16775121089
16775126279
16776744935
16777699926
16786208604
16786907586
16791520149
16792787465
16792789514
16798599110
16798974490
17005114950
17005940488
17006635181
17006635315
17006950641
17007273228
17012453762
17012454852
17012775959
17013300408
17013302406
17014493471
17018060753
17019504777
17019974226
17021687160
17022023754
17028853745
17028854248
17033016389
17033036150
17033054607
17033056131
17033079239
17033087630
17033089107
17033089182
17033089216
17033097681
17033097710
17033098027
17033098094
17033098392
17033098417
17033098695
17033099448
17033116552
17033126915
17033127898
17033128376
17033128423
17033130583
17033146972
17033147573
17033170469
17033177705
17033178327
17033178554
17033178612
17033198195
17033198714
17033219899
17033239541
17033250178
17033263442
17033263996
17033264517
17033264904
17033266243
17033277392
17033277929
17033279860
17033286590
17033345712
17033356955
17033359083
17033366505
17033370276
17033392926
17033415615
17033425635
17033426674
17033427112
17033436434
17033436485
17033456745
17033468208
17033485933
17033492079
17041049361
17041056095
17042633736
17042633758
17043470459
17043471744
17043473402
17043473434
17043475454
17043478406
17045060502
17045210343
17045644449
17046441906
17047466999
17047693049
17047694604
17050486487
17050581585
17050703982
17050739852
17061208273
17061451111
17061925528
17061928809
17063694600
17063699428
17064222008
17064350599
17064354080
17064358314
17064358407
17064359498
17064621452
17073664002
17073932244
17073933041
17083755416
17085312333
17087730495
17087731426
17087731841
17087731974
17089966745
17099425290
17100232698
17100235701
17100236558
17100236590
17100238389
17100663429
17103053949
17103239475
17103920370
17103921626
17103921962
17106983029
17107875968
17107876169
17108171249
17108172059
17108177668
17108177721
17108178394
17108374452
17110210308
17110273412
17114835291
17114835606
17114835897
17114836105
17114837207
17115675087
17115677727
17117121418
17117121996
17117123003
17117126761
17117129967
17117164240
17117164562
17120232459
17120654354
17123762599
17124890715
17124894345
17124895967
17125374831
17127223086
17127225214
17127228164
17129248723
17129480462
17129480514
17134949159
17135852737
17137408131
17137871036
17143451584
17145388612
17146521290
17147207469
17149281439
17149935681
17150021441
17154549001
17156427905
17164656470
17164657684
17164658064
17164658475
17164659048
17168143333
17172029245
17172386968
17172691894
17172692402
17175827218
17179061359
17179137026
17190227974
17192924374
17193303431
17193923177
17195659819
17199437579
17200324261
17200675630
17207065461
17260522884
17260803071
17260971731
17261578154
17262788854
17262888828
17263756784
17264300184
17264379423
17264379460
17264473693
17265077460
17265867213
17266004170
17274525965
17274794917
17274999794
17276083250
17276507314
17276539208
17276705430
17278000783
17278575772
17279267725
17279444848
17279870284
17280109079
17280147494
17280256391
17300897223
17301653048
17302655264
17304789714
17305402208
17306306274
17307298318
17308726874
17308807585
17309391665
17309420308
17310401790
17310870476
17311074720
17311140128
17311815198
17313295018
17313680526
17313927185
17314421936
17314990102
17315086706
17316884988
17317042527
17317625919
17317844260
17317915402
17319020717
17319065908
17319180692
17319594371
17320134109
17320144539
17320147903
17320465678
17320697644
17321145949
17321411404
17323063637
17323831316
17326384298
17326777975
17327982318
17328338904
17328375294
17328381247
17328713479
17329617616
17329978529
17330704189
17331172060
17332251722
17332959975
17333466214
17333483334
17333508226
17333571831
17334311046
17334818828
17335550577
17336582214
17337897769
17338986665
17340493645
17340627446
17340754442
17341270540
17342044140
17342995207
17344378435
17344596898
17344963620
17345002350
17345538990
17346036785
17346728150
17347463228
17347577041
17348590877
17349055101
17350286620
17350608274
17350857551
17350996230
17351262580
17352588228
17352713986
17352747836
17353863132
17355343260
17355575621
17355821150
17357642813
17358034168
17358886770
17358898886
17360680950
17361330761
17361731173
17362901889
17363190580
17363360014
17363855533
17364021605
17364505812
17365389690
17366028001
17368376111
17369146961
17369929919
17370877383
17371075841
17371328282
17371434172
17372338280
17373047031
17373387647
17373659525
17373961510
17374935458
17375698840
17375972876
17376022367
17376279668
17376426702
17376928510
17377240921
17377771447
17377824125
17377874769
17379366006
17380606859
17381370688
17381767397
17382051801
17382065527
17382083413
17382737461
17385088896
17385794010
17385893902
17386552973
17386901879
17388127020
17388235124
17389190781
17390476724
17392271120
17392447893
17394350369
17395027812
17395098001
17396427685
17396776191
17397227115
17398251059
17501513219
17502965454
17503824432
17503994425
17504559314
17506131757
17507020927
17507232370
17507248996
17507533870
17507906515
17508229232
17508507339
17508514971
17509533321
17510411020
17511578062
17511882207
17512930120
17513798761
17515405028
17515752195
17516472588
17518629756
17518917103
17520170877
17520206443
17520467053
17521036857
17521259527
17521574221
17521671557
17525959975
17530385579
17530405430
17533164632
17535895489
17535904633
17537309126
17539333866
17545120097
17550081361
17550219806
17550327883
17550885550
17551332742
17552656584
17552795079
17554207376
17558835494
17560725778
17561514313
17561693901
17562038973
17564996272
17566731216
17568194021
17571000700
17574603385
17582499758
17584931958
17585231936
17585314797
17585318976
17585437701
17585474903
17585807736
17585815762
17585822746
17586680504
17588547290
17588864941
17589016045
17590311500
17591544145
17599032503
17599815329
17600318781
17600670763
17600685123
17600772621
17601042577
17601292602
17601519247
17602138849
17602142240
17602302218
17602359707
17602376651
17602541886
17602938162
17603025503
17603440688
17603471130
17605015873
17605055288
17605077565
17605162300
17605899812
17605969323
17606517853
17606529724
17606586812
17606775585
17607750149
17608839691
17608993030
17609188030
17610070288
17610695609
17611670602
17612229816
17612424731
17612482620
17612904997
17612945163
17613779918
17613885790
17614022421
17614085337
17614284393
17614369991
17615049144
17615583398
17615611890
17615913198
17616568775
17620053783
17620079238
17620139668
17620245483
17620405959
17620533372
17620782605
17621281461
17621388945
17621990726
17622502964
17623015497
17623133402
17623139892
17623187015
17623234920
17623241998
17623732233
17623848026
17625073591
17625088371
17625093573
17625135160
17625230548
17625542471
17625788875
17625943184
17625949965
17627619650
17628297113
17628500217
17628668007
17628677356
17629003069
17630608822
17631525322
17631662783
17631985467
17632829273
17633058890
17633241628
17633358255
17633875992
17633889422
17633977877
17634478664
17634505727
17634619086
17635116999
17635330257
17635341742
17635733584
17635774162
17636308475
17637617289
17638681116
17638838868
17638901262
17639112110
17639339253
17639561188
17639623543
17640274327
17640369251
17641567612
17642142993
17642935124
17648139867
17659073209
17661930230
17663615470
17665376263
17665671187
17666392444
17666545900
17667172461
17667375521
17669521201
17670477020
17671222697
17671326343
17671345572
17671376747
17671392007
17671397382
17671656402
17673071126
17673137865
17674026408
17674170102
17674717265
17676441052
17677390872
17677829693
17678935110
17679002721
17679147215
17679244187
17679296113
17680151893
17680349465
17681674842
17681745126
17681797169
17681873596
17682498687
17683238154
17683771283
17683783739
17684067585
17684252420
17684774572
17685193303
17685608695
17687018010
17687133520
17687244309
17687404265
17687578995
17687582656
17687901002
17688124471
17688313516
17688398869
17688424916
17688653690
17688861545
17688880746
17689327784
17689408589
17689604859
17689908358
17690062873
17690389590
17690752736
17691221250
17691282862
17692702797
17692735184
17693020708
17693186827
17693188881
17693363023
17693611982
17693980402
17695402392
17695938430
17696878736
17696921946
17696934005
17697278772
17698052202
17698970337
17699092043
17699205175
17699553023
17699912321
17700639480
17701980570
17702209503
17703533399
17704298444
17704323081
17704893306
17705336079
17706329541
17706519287
17706561455
17706612432
17709425176
17709811764
17712501888
17713192832
17714130333
17716003601
17716339000
17718317113
17718761610
17719907071
17720192689
17720324267
17720493016
17720966502
17721411614
17722843254
17723322204
17724103572
17725311002
17725475829
17726626565
17727440069
17727658993
17728165905
17728420120
17728590391
17728606647
17728996467
17729385483
17729601656
17729786271
17729792491
17730123057
17732721218
17733537869
17735004314
17735320959
17735654089
17735838781
17736449029
17736773930
17737371785
17737485333
17737504731
17739974931
17740209423
17740756424
17741490187
17742780962
17742971980
17743757248
17744224113
17745165356
17745575905
17745652120
17745717209
17748545146
17748818179
17749412422
17750228494
17752170559
17752582639
17752628394
17753448426
17754889512
17755675949
17756405355
17756613171
17757496397
17757926700
17758002947
17759443807
17760049253
17760054171
17760198440
17760481842
17761290753
17762381383
17762637652
17763214880
17763217489
17763218646
17763220247
17763226145
17763267246
17763997713
17766889855
17767275415
17768084212
17768222533
17769314524
17769361332
17769872178
17769920911
17770014062
17770605820
17770726702
17771641089
17771750914
17772073153
17772082776
17772563321
17772763464
17772764256
17773036402
17773395491
17773504674
17773540473
17773647810
17773810822
17774332301
17774516742
17774545798
17774993586
17775064005
17775736923
17775925758
17776768631
17777507327
17777524237
17777606564
17777633818
17778425536
17778467332
17778917765
17779904081
17779988901
17780016953
17780191583
17780251181
17781222173
17783026222
17783570409
17783921913
17784233358
17784319064
17784424858
17785293611
17785353247
17785980951
17787062948
17787136607
17787466349
17787812496
17787953684
17788703698
17788987154
17791246850
17791927362
17792170936
17793081277
17795066216
17795213563
17795430182
17797006601
17797678897
17797895710
17798331209
17798685326
17799841015
17800552011
17802043079
17803439339
17805030321
17806012263
17806626556
17806643719
17807654003
17807765920
17807967198
17809133578
17809530713
17812001083
17813007710
17816226179
17816366719
17816520779
17817080397
17817123182
17819875529
17820181404
17820200083
17821412105
17821435953
17821863662
17822095709
17822807672
17823188770
17823453247
17825339515
17827434368
17827949945
17828549947
17828563254
17832260464
17833869259
17835371533
17835379951
17835756479
17835945325
17835952018
17835996407
17836431457
17837018715
17837072588
17840729698
17844262605
17846912282
17848616568
17850845102
17851847303
17851887702
17852590072
17852595345
17853469670
17853925648
17857639566
17857664053
17858316712
17858909864
17860677021
17861639080
17861834780
17865096808
17865317810
17865330957
17865517231
17868923294
17869029069
17869126165
17869181425
17870309650
17871157673
17872081451
17872346739
17873371525
17874151811
17874357835
17874587362
17874701175
17877094203
17877107227
17877167153
17877504225
17877666725
17878162035
17878168568
17878562241
17878830731
17879722127
17880180915
17880336654
17880664824
17880983687
17881180020
17881507346
17881980769
17883055319
17885068419
17885260204
17885475725
17886961633
17887219518
17887803483
17888675513
17889101125
17891134864
17891149141
17896530519
17897100118
17898931414
18000387725
18001211024
18001776908
18002018896
18002634795
18003935256
18004345959
18004386290
18005374742
18005375573
18006486816
18006690029
18007174769
18008127870
18010704579
18011206970
18013153222
18013720271
18014167483
18015369399
18018475163
18019051012
18020636887
18021243720
18024886523
18025907972
18026218373
18026252041
18026329869
18026678903
18026888941
18027311367
18027969297
18028267671
18028623315
18028906830
18029424728
18032350531
18032680123
18033150105
18033563312
18034402248
18035283178
18035648221
18036018726
18038505061
18039302969
18042164412
18042582682
18046638767
18046703479
18047198834
18047503356
18050758899
18050963167
18051056696
18051154596
18051450080
18051636609
18053937302
18053937500
18054361374
18056400911
18056859079
18059297073
18060392037
18061141165
18062460057
18062754433
18064383819
18064768242
18064922039
18068257343
18068362603
18069692702
18069768404
18070451161
18070729455
18070907515
18070933365
18070961024
18073205752
18073483437
18073599724
18074661156
18074708374
18075589649
18075647438
18075806470
18076094955
18076728316
18077015319
18077310430
18077608427
18077823893
18077853435
18078215682
18078245216
18078629600
18079668191
18080612751
18082129088
18084074882
18084200781
18084233238
18085479170
18087725507
18087799259
18087978152
18090262888
18091361362
18093240830
18093288620
18094213244
18095735288
18096196090
18096653404
18097034333
18097115812
18098058441
18098763976
18098812779
18100738505
18103499472
18104679565
18106742808
18107410273
18108763018
18111071339
18111233173
18111881232
18115522302
18115589755
18115629581
18116139240
18118006082
18118231746
18118855973
18119101131
18119827080
18120383834
18120543664
18120609901
18121447807
18121509999
18123808462
18124005644
18124328654
18124658434
18124914445
18126110939
18126527339
18126728936
18126978010
18127003391
18127020940
18127369832
18127835327
18131167387
18131512998
18131844447
18134453333
18135787384
18138418016
18140028500
18141417054
18141793255
18143510346
18144312780
18145875246
18146842177
18149061015
18152042235
18152224137
18152463551
18152549012
18153380075
18153433152
18153923353
18154269268
18155162543
18155196722
18155703939
18156516901
18157385586
18157446122
18157563220
18158404068
18159582835
18160129587
18162066612
18162991637
18163096527
18163864846
18163944642
18164633121
18164653460
18167682327
18168301685
18169007145
18170621600
18171111126
18172275264
18172572706
18173008824
18173588266
18174408137
18174903730
18176153774
18176157332
18176324597
18176489285
18176508197
18176635921
18176641291
18177311799
18177570834
18177694340
18177810159
18177947332
18178486029
18178548630
18178596232
18178773710
18178779593
18180921522
18181109640
18182628226
18182953638
18183053984
18183224939
18183427090
18183575681
18184208670
18184468428
18184540859
18184815186
18185383509
18185602613
18186564508
18187340987
18188099285
18188559490
18188596740
18188984302
18190498145
18191185419
18194102790
18194360143
18194626474
18195418413
18200874104
18200917282
18203465444
18204197442
18204604104
18204661699
18205121039
18205208269
18205995571
18206248258
18206311210
18206613585
18206763239
18206799919
18206893718
18207111305
18207670576
18208432394
18208656126
18208733085
18208803932
18209273505
18209437637
18209633242
18209718078
18210904267
18212171481
18212424820
18213177045
18213181443
18213308727
18213351114
18213484229
18213776147
18213849517
18213924376
18214050518
18214079374
18214536209
18214584004
18214698717
18215021163
18215725575
18216743346
18217485781
18219705846
18220553138
18221152686
18221963538
18222112861
18222613398
18223181749
18224710412
18224835112
18224954719
18225434071
18225604104
18226132691
18227740578
18228246860
18228536031
18229016479
18230155911
18230230455
18230720653
18231427366
18232146926
18232379707
18233517171
18233599249
18234633334
18234941081
18234966483
18235548834
18235579174
18235614182
18235843654
18236363015
18236687848
18236980827
18237821933
18237872581
18238072795
18238383872
18238563581
18239098976
18239768119
18239942791
18239966607
18240165679
18240195120
18240409107
18241843631
18242568050
18243625929
18244735804
18245832769
18245832813
18245832854
18248286401
18250228432
18251077849
18251159569
18252049067
18252053901
18252080054
18253035995
18253304020
18255932735
18256556354
18256953441
18256978940
18257581595
18258125239
18260253495
18260853085
18260941310
18261832869
18263326249
18264338921
18264697887
18265327209
18266652291
18266894626
18267042620
18267388040
18267429962
18269225027
18269328315
18269776451
18270032681
18270975902
18271392949
18272169453
18272422330
18272508285
18272978126
18274537400
18274902170
18275053159
18275083207
18275178490
18275202120
18275289630
18275292254
18275696646
18276328474
18276828011
18277410334
18277420269
18277731931
18277780723
18278240895
18278451082
18278874009
18279423419
18279798546
18281118440
18281555561
18281788664
18282700651
18282748014
18283104500
18283150071
18283379747
18285036486
18285044676
18285116724
18285132896
18285188454
18285889712
18286123430
18286176705
18286194987
18286900950
18286976075
18287348584
18287545930
18287635658
18287900414
18288419763
18288853805
18288982084
18289707162
18289923571
18290213985
18290396685
18291724923
18292202782
18293397130
18293562357
18293607526
18294350850
18295196761
18295202125
18295332798
18295533779
18295574789
18295777745
18296522652
18297292151
18297618756
18298251919
18298302350
18298386433
18298620476
18298837137
18299123117
18299310061
18299810600
18300209745
18300962616
18301123631
18302437222
18302644236
18302694191
18302851152
18303355001
18304502044
18304966928
18305550775
18306324444
18307011432
18307815626
18309162007
18309417154
18311564818
18311728614
18311770424
18313242642
18313303764
18313372209
18314029691
18314031210
18314125427
18314254426
18314420998
18314469626
18314997141
18315677184
18316067713
18316800549
18316800800
18317635306
18317689743
18319783961
18319977648
18320700478
18321322280
18321620118
18323754920
18324460134
18325075342
18325201888
18325245883
18325825413
18326070680
18326776002
18327082752
18328521505
18328552365
18328877519
18328954233
18329015040
18329798790
18330395732
18331507961
18332781635
18334133878
18334599899
18335509039
18335800806
18336123133
18337280653
18337775079
18338356715
18338722172
18338788231
18339308923
18339423357
18339527963
18340099190
18340479993
18341081211
18341813412
18342009708
18344157798
18346111209
18346775530
18349675176
18350070037
18350159747
18350901567
18351251594
18352245721
18352447656
18352934452
18353159978
18353320825
18354496000
18356028674
18356390223
18357112445
18359291282
18359648642
18360350833
18361001837
18361016814
18361073385
18362025724
18362923724
18362931248
18362964436
18363062906
18363498160
18363957058
18364923617
18364949809
18365355540
18366601050
18367959412
18368230384
18369035012
18369047757
18369176333
18369895772
18370745344
18370768124
18371084372
18371096186
18374736364
18374864778
18375034061
18375747211
18376052490
18376352271
18376456726
18377412304
18377644575
18378239059
18378546024
18378892238
18380122415
18381522556
18381627332
18382923559
18383192078
18383351226
18383451359
18384243651
18384966745
18385027917
18386077223
18386544836
18386641034
18387297546
18387471383
18387721785
18387782370
18387967161
18388083159
18388386164
18388405273
18388800802
18388839015
18389200847
18389599205
18389825750
18390358765
18391190289
18391583631
18392976875
18393337444
18393580204
18393615777
18394138039
18394618937
18394908158
18395273510
18396010365
18396787785
18398538310
18399333283
18400088519
18402849793
18402863448
18404632446
18405401112
18407342222
18407720127
18419140152
18419611473
18420016305
18420053007
18423999357
18428028242
18434243554
18434271223
18434791875
18434890638
18439191566
18440884035
18455774285
18457160341
18458858256
18462229678
18465265463
18468009472
18468283674
18469455627
18469776184
18475504958
18475578793
18475685625
18475892941
18476567342
18476603435
18476717175
18477254353
18477307541
18480710252
18482021242
18482361558
18485520384
18486145520
18487053529
18487267896
18487420367
18487466760
18487662773
18487673683
18487844579
18488023847
18488772286
18501458357
18501778249
18502078725
18502347030
18502353584
18502767919
18504055747
18505107319
18505424834
18505656603
18506075960
18506133505
18506202459
18506957729
18507029941
18507086326
18507197074
18507502204
18507873781
18508493425
18508726237
18508957768
18509591355
18510006961
18511735571
18511911867
18512351167
18512390424
18512396243
18513027135
18513412508
18515869401
18516309731
18518302581
18520034907
18520341352
18520630409
18520677214
18520842402
18522754306
18523000536
18523068025
18523094263
18523192302
18523306139
18523531691
18523926103
18523936650
18524304319
18524628035
18525001880
18525739903
18525917563
18526106925
18526355273
18530604244
18531273108
18532000332
18532009110
18532629929
18533023305
18533107111
18534918896
18535087539
18535196282
18535682202
18535737018
18535865224
18536124379
18536166870
18537216899
18537813815
18538260618
18538442224
18539571830
18540183201
18543206934
18545667911
18550160694
18550524667
18551153796
18551807328
18552252680
18552472905
18552689727
18555267646
18556523731
18556724448
18556826427
18556923938
18558699260
18559002085
18559196785
18559471020
18559857359
18559876625
18559972487
18560290654
18560854851
18561222224
18563563372
18565093743
18565314946
18565472951
18565740935
18566001437
18566046519
18566102799
18566305952
18566748451
18567118569
18567483154
18567678864
18568858773
18569149018
18569302043
18569534473
18569589128
18569874502
18569968009
18570268025
18570738447
18570911821
18571094586
18571865968
18572925700
18573107265
18573474831
18573768003
18574598708
18574673416
18574868668
18575012320
18575058795
18575232031
18575845857
18575916698
18576278605
18576646046
18577130553
18577512384
18577747561
18578325632
18578370717
18578909374
18580117867
18580175207
18580263172
18580305057
18580339064
18580505571
18580519263
18580529246
18580582491
18580680637
18580915609
18581090835
18581257301
18581326507
18581352420
18581413473
18581416750
18581453451
18581594498
18581712914
18582016569
18582042745
18582326664
18582475802
18582683363
18582996489
18583010519
18583325359
18583433515
18583735616
18584171004
18584444750
18584500055
18584572353
18584576427
18584577152
18584826406
18585062647
18585148871
18585196695
18585205251
18586171903
18586251346
18586329532
18586353734
18586537446
18586831536
18587522798
18588479502
18589593910
18589828859
18589933537
18590186918
18592057092
18593859751
18593957641
18595097528
18595322414
18595625255
18595639842
18595741968
18596267129
18596308737
18598266033
18598770564
18598771940
18598941684
18600520040
18601483807
18601907867
18602308195
18602315527
18602318962
18602365381
18602370281
18602729132
18602752073
18603186485
18603305690
18603380803
18603809734
18604077769
18604701603
18605267710
18605910141
18606343660
18606648111
18606705144
18606807928
18607083894
18607132473
18607170242
18607505118
18607615833
18607680145
18608579801
18608612005
18608640151
18608843751
18609218786
18611929416
18613111704
18613220802
18613989941
18615119238
18616536210
18616601859
18616841841
18616933416
18617681823
18617723029
18620009489
18621177109
18622030390
18622252303
18622673222
18623012404
18623135273
18623161075
18623313279
18623320483
18623322064
18623323750
18623368270
18623375452
18623443497
18624447702
18625853855
18625857131
18626072675
18627084066
18627567937
18627734762
18627943962
18628693716
18629187232
18629453605
18630377739
18630570785
18630786625
18630889432
18630971671
18631296033
18631478870
18631572061
18631939180
18632441142
18633141578
18634322831
18634665408
18634801201
18634802834
18635082591
18635086997
18638808695
18641666455
18642109956
18642339777
18642566851
18642706312
18642791231
18645049564
18646541463
18646667676
18646929567
18647605941
18647968978
18648483907
18649368064
18649765136
18649827120
18650340542
18650924667
18650994726
18651137186
18651161365
18652761375
18654662950
18655661998
18655932029
18656636330
18658007675
18658718316
18660120818
18660487906
18660592675
18660988668
18661350803
18662165927
18663398180
18663427206
18664071250
18664118493
18664302721
18664466827
18664747682
18666417736
18666443465
18666886859
18666955960
18668419573
18668868673
18669459558
18669599317
18669746862
18669997871
18670101008
18670267059
18670743391
18671145886
18671332368
18671423362
18671425130
18671706353
18672637106
18672805675
18673788107
18674038173
18674052156
18674812364
18675159138
18675185059
18675602136
18675686443
18675707608
18675720520
18676073237
18677041887
18677120253
18677827627
18677964382
18678495656
18678514076
18679090106
18679113994
18679126420
18679609430
18679936828
18679966660
18679992316
18680076290
18680752153
18680812820
18681071240
18681189118
18681555923
18681749007
18682188504
18683042919
18684200158
18684510863
18684874648
18685397725
18685491682
18685748242
18686573142
18686783752
18687414141
18687540324
18687691923
18687841251
18689333873
18689632358
18690295961
18690552498
18691230086
18692110365
18692150428
18693072165
18693541242
18693798991
18694049308
18694061782
18694078910
18694281881
18694555119
18694910582
18695174712
18695307765
18696059593
18696106080
18696141381
18696186271
18696289202
18696381459
18696537385
18696614015
18696633587
18696675381
18696709257
18696770371
18696822154
18697755981
18698696606
18699270593
18699917330
18700071430
18700575652
18700581701
18700812161
18700948664
18701996662
18702555333
18703646460
18704535467
18706175049
18707444388
18707810711
18707842031
18707983139
18709680961
18710628318
18712421626
18712781899
18713393010
18713441244
18713732523
18715460913
18716332467
18717032964
18717350544
18717906782
18718079689
18718338722
18718520800
18718624422
18718660274
18719306609
18719441855
18719800697
18720399181
18720481905
18720735892
18720857985
18721114243
18722074816
18722690513
18722923057
18723188764
18723834182
18724092412
18725186631
18725227248
18725231734
18725835356
18726471047
18727019771
18728822988
18732213567
18733515039
18733528095
18733673610
18734024148
18734044494
18734703545
18735775814
18735876740
18737800713
18737884915
18738138225
18738320900
18739050441
18739122690
18739411375
18739534419
18739836192
18740205000
18740692525
18740745576
18740795553
18740925558
18742275912
18742897275
18743333279
18744869540
18745035713
18745854001
18748894796
18748994927
18750295484
18754959655
18754971884
18755774002
18755933971
18757614156
18760757650
18760984479
18761349961
18762266641
18762279878
18762797832
18763200189
18763997865
18764559128
18766711300
18767211256
18767525144
18767741769
18767771712
18768340593
18768447556
18770327666
18771000513
18771110007
18771188536
18771550419
18771997337
18772200128
18772323348
18772362028
18772650075
18773049850
18773528407
18774008238
18775165226
18775268363
18776062147
18776106831
18776417265
18776811714
18777392859
18778081725
18778281682
18778667440
18778818790
18779514559
18779541557
18780002498
18780663375
18782368571
18782462396
18782704713
18783179511
18783183005
18784159054
18784828450
18785159169
18785210040
18785291572
18786289979
18786672173
18786750975
18786780479
18786790853
18786797584
18786812267
18786871794
18787042619
18787376887
18787642101
18787759026
18787825705
18787834630
18788266314
18788334458
18788846695
18788878114
18788951609
18790636656
18790711055
18790814888
18792194047
18792501279
18792738221
18793169076
18794377627
18795240246
18795374773
18796227372
18796838415
18797083917
18797219523
18797346455
18797975501
18798030904
18798715986
18799695229
18802617272
18802651990
18803234071
18803620317
18804018670
18804025981
18805000752
18809331607
18809422706
18809514352
18810275473
18812573270
18814334743
18814743580
18815438697
18815710118
18816006782
18816558695
18817153458
18819514648
18820207525
18820603317
18820749928
18820854184
18821670960
18821678522
18822312423
18822935391
18823113360
18823448793
18823537387
18823735843
18824448923
18824500821
18824739704
18824747796
18824788216
18824816879
18826290851
18829015710
18829015796
18829230154
18829480111
18829583835
18830019390
18830352739
18831618468
18832216505
18832404364
18832654223
18833535235
18833807601
18833940572
18834115926
18835250565
18835730000
18837475158
18837649072
18837965965
18839111563
18840731865
18842486962
18844257259
18844491752
18844632248
18844876739
18846113321
18847017731
18848324060
18849013037
18849854194
18850476909
18850505047
18850616082
18850882025
18851200016
18851290730
18851398315
18851838862
18852233346
18852411605
18853178025
18854321618
18854893111
18856259601
18856281482
18857334614
18857389519
18857417033
18857493623
18858047591
18858054557
18859510281
18859530293
18860474085
18861116486
18861373775
18862114295
18862751413
18863556958
18863698159
18865252923
18866148788
18866236103
18866772051
18867268287
18868378871
18868526206
18869035095
18869568168
18869598931
18869604467
18870302750
18870517184
18870528031
18870596849
18871807781
18872795727
18874679852
18874864085
18874950270
18875779631
18876067138
18876070731
18876399855
18877039331
18877334384
18877500375
18877751519
18878127217
18878472100
18878639381
18878779318
18878970985
18879226481
18879843544
18880866126
18881253954
18882337203
18884210241
18884563595
18885152543
18885650246
18885765967
18886304273
18887395517
18887475446
18887537694
18887960202
18887998397
18888718266
18889815436
18889919407
18890025852
18890441146
18892441858
18892851056
18893400628
18893460295
18895820453
18897202292
18897302601
18897576403
18897594278
18897994903
18901978861
18903007426
18903609993
18903851114
18906032908
18906782498
18910701598
18912522723
18917907101
18919335479
18919428779
18919699664
18920257662
18920827071
18921928922
18923993845
18924658768
18926195754
18927565612
18928256810
18928388096
18928502394
18929873840
18930017479
18930146376
18932424147
18933129129
18933506653
18935091759
18935188806
18935742000
18937336159
18938004454
18938066499
18938784528
18940241998
18942637151
18942936685
18943883267
18944553504
18944765633
18944924307
18946618944
18947254008
18949973885
18949985662
18950387895
18950625895
18951030134
18951528908
18952827908
18954011049
18954626084
18954816490
18954989384
18955367601
18957452064
18957495459
18958296800
18960017520
18960167235
18963231040
18963452984
18963736443
18964783754
18965808589
18966319194
18967506525
18968671660
18968806258
18968993532
18969519616
18971986397
18973086309
18973643070
18973802410
18974554040
18974618832
18974780956
18975100344
18975549571
18976098087
18976262334
18976675014
18977855771
18977928775
18978131497
18978353553
18978473428
18978610067
18979734471
18982329502
18983285929
18983876942
18984038816
18984112805
18984171130
18984913677
18984932374
18984976246
18985518273
18986798922
18986839135
18987370421
18987384483
18987475605
18988375307
18989250968
18992016674
18992174151
18992468032
18993062350
18993253251
18993294151
18993973937
18994028133
18994148005
18995379783
18995491926
18995688523
18996920236
18997166828
18997309830
19008229238
19011305232
19016423498
19026075740
19026425042
19031645608
19031828288
19032878928
19035143070
19071166227
19072916547
19074945824
19074947539
19079705536
19079826754
19079970920
19087317568
19100261485
19102351156
19102665410
19103738773
19107583653
19108345644
19108498637
19110418814
19110533513
19111253215
19111287113
19112249625
19112980634
19115510509
19116069119
19116096305
19116232867
19118214836
19118416040
19119204369
19121307791
19123062266
19125899909
19127240872
19127813152
19128686630
19129093071
19129215778
19132120245
19136177632
19137026654
19138357667
19139636623
19143133285
19147941329
19148188820
19148997716
19151027059
19152297126
19152350018
19152528545
19155517925
19156023393
19158243657
19160676556
19161908090
19163744035
19164692021
19167831583
19169369206
19169398520
19169942391
19170053696
19173410423
19173447540
19173703715
19173807146
19173996308
19174849253
19174890062
19175387465
19175664015
19176020462
19176076920
19176096695
19176236577
19176380208
19176536715
19176539170
19176733409
19178222453
19178669701
19178721136
19179331754
19179904455
19180762852
19184444509
19185516004
19185686482
19185965052
19186738415
19187400527
19187631170
19187844806
19187945659
19188491506
19190137703
19190400426
19194325364
19194349991
19195888099
19197671459
19202342733
19203157470
19203157942
19203419796
19203421044
19203423902
19203424582
19203425172
19203426135
19203435903
19203455175
19203455386
19203458209
19203470409
19203488724
19203542851
19203546516
19203548302
19203560483
19203561175
19203563229
19203566462
19203568280
19203629194
19203631055
19203638516
19203808549
19203828859
19203857387
19203858201
19204493978
19208807953
19209231487
19209235215
19209239523
19209622844
19209623630
19209626796
19209637725
19210043506
19210734625
19210745919
19210746924
19210753552
19211216684
19211217804
19211218223
19211219864
19211257539
19211283736
19211510525
19211511995
19211513914
19211516749
19211517869
19211518724
19211519545
19211520545
19211524720
19211526892
19211526956
19211528503
19211547046
19211547331
19211549957
19211550264
19211554960
19211559286
19211568759
19211577199
19211721553
19211767633
19211768129
19211769806
19211769821
19211772529
19211779360
19211796683
19212096508
19212665459
19213354104
19213401979
19213402513
19213406292
19213407719
19213407790
19213415270
19213417325
19213418285
19213418931
19213419905
19213433105
19213433287
19213433474
19213437369
19213473423
19213481450
19213482496
19213485354
19213485395
19213490337
19213502657
19213502840
19213503691
19213505297
19213505450
19213506282
19213507581
19213514472
19213522637
19213523347
19213528454
19213537952
19213549134
19213554253
19213556963
19213590154
19213637164
19213799477
19213803780
19213847569
19213891284
19213893874
19213894049
19213898649
19213961018
19213968713
19213975040
19213985602
19214155260
19214524701
19214589302
19214635275
19216697370
19217001497
19217305052
19217305153
19217368951
19217474869
19217476914
19217948164
19217949250
19218471086
19219639172
19219659832
19219721523
19219721529
19219767363
19219785640
19219786748
19219840554
19219848563
19219849912
19219864513
19219897240
19223303182
19224493530
19224495787
19224496145
19224498197
19224498754
19224990024
19224990026
19224992809
19230551494
19230554743
19230645202
19230655924
19230668693
19231007646
19231042161
19231048330
19231060284
19231060297
19231060426
19231140573
19231140622
19231140681
19231140797
19231142561
19231143254
19231144068
19231145122
19231145915
19231146324
19231147406
19231147428
19231147462
19231147523
19231207415
19231214231
19231220406
19231224452
19231227487
19231237405
19231241085
19231242032
19231244986
19231245415
19231247785
19231250043
19231263481
19231265449
19231272215
19231294008
19232309594
19232359053
19232372864
19232373304
19232379115
19232484227
19232524157
19232524362
19232525542
19232526457
19232528021
19232529648
19232531450
19232532149
19232532715
19232535164
19232538945
19232542714
19232545059
19232546651
19232550694
19232560154
19232563191
19232564652
19232571504
19232572547
19232594005
19232598120
19232701045
19232714271
19232717389
19232745752
19232781067
19232783060
19232784173
19232785228
19232785701
19232944081
19232945310
19232993827
19232993908
19233150185
19233151337
19233262934
19233264922
19233533639
19233590049
19233590203
19233591127
19233763983
19234151154
19234619327
19235313733
19235626967
19235828893
19236362905
19236810480
19237013086
19237014319
19237014398
19237014716
19237016275
19237016870
19237017655
19237024363
19237057192
19237057875
19237058453
19237062663
19237063147
19237069557
19237075932
19237076826
19237079645
19237080846
19237082671
19237087714
19237092627
19237117425
19237173893
19237253247
19237254061
19237359147
19237400652
19239041356
19239042165
19239076239
19239128176
19239184590
19239213817
19239237224
19239249137
19239267524
19239604682
19239606079
19239616387
19239625413
19239626997
19239627786
19239627826
19239628070
19239631536
19239674807
19247024467
19247024578
19247025070
19247025359
19250074849
19250077014
19251126114
19251138433
19251141249
19251141635
19251141670
19251194216
19252792109
19254038631
19254039129
19254083717
19254084635
19254085153
19254085369
19254085465
19262400363
19262401320
19262402814
19262404341
19262404993
19262405102
19262405409
19262406376
19262406781
19262407404
19262407504
19262408087
19262481738
19262482784
19262483736
19265590947
19270800534
19270824347
19270831312
19270832429
19270852885
19270858360
19270859455
19270870754
19270880105
19270884412
19270887424
19270894941
19270897946
19271007360
19271022873
19271034413
19271037468
19271037946
19271041277
19271048953
19271051435
19271053794
19271054184
19271054527
19271056314
19271073494
19271074776
19271086550
19271089240
19271172712
19271176899
19271178473
19271292597
19271307593
19271420934
19271430278
19271434278
19271439269
19271439371
19271439850
19271445258
19271445292
19271445896
19271445928
19271446462
19271446705
19271447259
19271458904
19271458935
19271459209
19271459702
19271481702
19271491917
19271492385
19271495732
19271496343
19271496421
19271496449
19271496796
19271496872
19271497405
19271497410
19271497429
19271497469
19271497632
19271497747
19272341445
19272342073
19272346310
19272377159
19272646017
19272646090
19272931060
19272932815
19272935073
19272935239
19272939984
19272940257
19272940798
19272940849
19272941608
19273024640
19273025374
19273057187
19273144209
19273183708
19273183937
19273349675
19273361048
19273365037
19273756252
19273758539
19273763370
19273870704
19273871325
19273874583
19274171343
19274173282
19274232350
19274256794
19274621581
19275627304
19276552235
19276570125
19277148513
19277149594
19277201143
19277202515
19277204075
19277344254
19277366342
19277434307
19277463065
19277902653
19277906067
19277907263
19277932554
19277933150
19277933249
19277933746
19277933931
19277934426
19277934760
19277936911
19277937561
19277937827
19277938048
19277939145
19277948731
19277966429
19277966494
19277968254
19277980270
19279610486
19279611412
19279613154
19279619854
19280553906
19280554056
19280635191
19280913950
19280931563
19280938185
19280952462
19280957250
19280958975
19280964728
19280966436
19280967537
19280969974
19280971939
19280977589
19280978508
19280984263
19280984680
19280987594
19280995120
19281002679
19281015826
19281017393
19281026360
19281026736
19281039115
19281052065
19281053570
19281055085
19281059363
19281077076
19281080165
19281080589
19281080870
19281082703
19281082945
19281084284
19281084415
19281084506
19281088122
19281090041
19281093673
19281093967
19281094136
19281096787
19282143755
19282904733
19282949736
19283227238
19283452550
19283452557
19283460041
19284544421
19284544641
19284643905
19284644097
19284644099
19284644382
19285813050
19286124441
19287102293
19287837453
19287838956
19288311267
19289504202
19289814435
19289817674
19290102693
19290103362
19290103907
19290113284
19290115093
19290119462
19290121026
19290126791
19290139815
19290142861
19290155816
19290156496
19291029258
19291047847
19291048014
19291048155
19291048972
19291049164
19291049429
19291054239
19291069746
19291084132
19291096712
19291097976
19292705915
19295590705
19295591667
19295592352
19295592708
19295594365
19295595781
19295595943
19295596975
19296281192
19296700130
19297302048
19297304420
19297306804
19303880549
19304063612
19304552281
19307444636
19310046636
19310995002
19314683957
19314714362
19315181818
19316409935
19316713415
19317611358
19318017765
19318348004
19322328332
19323659412
19326409837
19327613440
19330040700
19330788920
19330867468
19331962737
19333508712
19334608184
19335334842
19335741729
19335744420
19335837780
19336493317
19337913655
19338273036
19350100670
19350605512
19350815900
19358331669
19358999193
19370602797
19370901083
19370902967
19370903750
19371698037
19373473236
19373973084
19374257114
19374475535
19375021548
19375246798
19375816908
19376545750
19376610655
19378527512
19382353691
19382367852
19383990805
19385622158
19386958819
19387419277
19387493120
19387670512
19390080616
19390713932
19390836590
19392915859
19398256328
19502205132
19503485217
19505194429
19506465363
19511213531
19511791561
19512310030
19512347774
19516012555
19517271171
19518839329
19520387861
19521155728
19521278674
19521547836
19521870664
19522463975
19522745520
19522774394
19522973917
19523043090
19523178225
19523670385
19523999744
19524925621
19525544517
19526772030
19526892279
19526896925
19527015040
19527275740
19527372744
19527797068
19528068995
19528496635
19528601102
19529333947
19530198002
19530333342
19530441036
19532099065
19532309803
19533551046
19534570638
19535720372
19536586442
19536853049
19537150854
19539806144
19549136896
19550147699
19551631684
19551676349
19551946542
19552110906
19557331696
19558925406
19558952374
19560818718
19563372691
19567991171
19568816088
19569719965
19571837532
19572955815
19574037742
19574409859
19578141237
19582727256
19584992185
19587485772
19589436947
19590176827
19690074306
19705148791
19711250256
19711924020
19712760071
19720739546
19721852478
19803689223
19804047075
19805593646
19806335751
19808207202
19808545020
19809557922
19812096795
19812885979
19813036021
19813134185
19813155401
19813297076
19813906272
19815881394
19817334669
19817789763
19819133180
19819622065
19819764779
19820211805
19820676542
19820779293
19821676394
19825040174
19825396618
19829621360
19830349831
19831843658
19832495839
19834477533
19834848153
19835263064
19837518024
19838216776
19838600506
19838733391
19839785670
19840462005
19842501017
19845663386
19847410530
19849660740
19850885545
19852954251
19852976259
19856514314
19856988656
19857608964
19858218909
19859387025
19860095422
19860313156
19861401426
19861803286
19863689199
19865141097
19865500984
19865794345
19868007185
19868230971
19870299094
19870620545
19871390122
19873247230
19873867037
19876321468
19877913651
19878974706
19880677121
19881126756
19883180125
19883710551
19883844878
19885211244
19885369776
19885972787
19888486071
19890616079
19890658714
19890985481
19891642567
19892105498
19893878543
19895204420
19897299846
19897411879
19897973345
19898894773
19899270805
19903330595
19903996697
19904455944
19905189395
19906943989
19907024274
19908249010
19908694094
19908938120
19911257839
19912187699
19913570889
19914927012
19914976774
19915288435
19916078519
19916207711
19917279296
19917632596
19917807313
19918220926
19918907892
19921579470
19922182287
19922200455
19922611601
19923034588
19923270221
19923482413
19924277557
19924319879
19924776908
19929117060
19929545357
19930001550
19930567514
19932134707
19933258259
19933486542
19934579685
19935468229
19936802345
19937166822
19937283285
19937759838
19938459024
19938770280
19941120460
19943857293
19943995369
19944071452
19944746375
19945197046
19945233187
19945580856
19948794489
19948855424
19949292879
19949388886
19951229760
19952830038
19953921415
19954145186
19955187194
19956115619
19957731947
19957839359
19957984884
19958086775
19958213450
19958319741
19958640926
19958681836
19960292452
19960555358
19960876813
19961194913
19963215818
19963270831
19963425643
19963535336
19965844593
19967835703
19968146124
19968328489
19969298931
19970517753
19971189238
19972925998
19973108426
19973590094
19973712206
19973991975
19974202297
19974405846
19974683393
19974910915
19974943058
19976100238
19976315220
19976503022
19976888967
19977420300
19977523145
19977525987
19978424306
19978525961
19978621761
19978791009
19981967252
19982503578
19984594102
19984664660
19986065680
19987206190
19987263572
19987710493
19987854696
19987972903
19988303590
19988376563
19989931292
19989962219
19990926424
19990943908
19993261541
19993441444
19993638813
19994113183
19994335976
19994423217
19994426509
19995715413
19997202843
19997660751
19999510425